     51  answer.bas                                 1
      0.88780945    0.02040067
      0.80212586    0.02237401
      0.86142938    0.02185193
      0.86157494    0.02173788
      0.83722030    2.77512700    0.42098068
      0.85075996    2.90644411    0.37510807
      0.79388371    2.52124613    0.66541361
      0.88103662    0.02051195
      0.88104191    0.02046761
      0.84711000    0.02241130
      0.81224452    2.53477246    0.70202722
      1.01548434    3.57463555    0.78849557
      0.77755167    2.21828652    1.22270532
      0.72348183    2.13509912    1.32876552
      1.40149333    4.43788148    0.01809607    0.07833058
      1.39233071    4.45756464    0.02308339    0.08858780
      1.03786336    3.73837202    0.47116413
      0.61619191    0.05667611
      0.65757112    0.06659298
      1.08845593    4.01847734    0.29261104
      1.14631935    3.64184156    0.48657949
      0.66640445    0.03901995
      0.77953278    0.02192447
      0.74275931    2.22672827    1.04006667
      0.78921099    2.37287328    0.82278311
      0.71128991    2.42743985    0.79446288
      1.18203325    3.62364023    0.44491041
      0.69819132    2.25266129    0.97930086
      1.21344257    3.60668113    0.45637748
      1.01330483    3.55533452    0.74017154
      0.77403350    2.39196575    0.78617350
      0.78427660    0.02740342
      0.80002634    0.02056149
      0.80895477    2.36501636    0.99831705
      1.28946185    4.37500395    0.03996712    0.13499042
      0.88397525    0.02324578
      0.83142232    2.74067528    0.51632471
      0.85523315    0.02212676
      0.85123223    0.02299864
      0.85187120    0.02403885
      0.86294109    2.89727743    0.39525157
      0.83428976    2.47399944    0.91217480
      0.84675584    2.75345722    0.60966141
      0.90260399    0.02094312
      0.83510824    0.02438290
      0.90902810    0.02025143
      0.81773267    2.50907936    0.95320431
      1.38078429    4.59522428    0.02214170    0.05830060
      0.86348996    0.02304710
      0.85039033    0.02170175
      0.75843387    0.06080078
