    112  answer.bas                                 1
      0.65531808    0.93075254    9.41737193
      0.65530412    0.93073163    9.41737403
      0.65531742    0.93073379    9.41735982
      0.65531098    0.93073022    9.41736954
      0.65530438    0.93072229    9.41736872
      0.65531647    0.93072585    9.41735151
      0.65532120    0.93073031    9.41735845
      0.65531341    0.93072379    9.41735464
      0.65532412    0.93072702    9.41733779
      0.65536544    0.93069211    9.41729907
      0.65537780    0.93070291    9.41728107
      0.65536867    0.93067755    9.41728418
      0.65537474    0.93070087    9.41728420
      0.65538461    0.93072224    9.41726493
      0.65537788    0.93067666    9.41726985
      0.65537246    0.93067406    9.41728281
      0.65538473    0.93067523    9.41726534
      0.65536117    0.93068159    9.41726501
      0.65534582    0.93071088    9.41734136
      0.65532473    0.93070921    9.41733979
      0.65534672    0.93070626    9.41732150
      0.65533158    0.93070780    9.41733528
      0.65532962    0.93069071    9.41733461
      0.65533311    0.93070057    9.41731865
      0.65535050    0.93070280    9.41732013
      0.65533004    0.93069851    9.41732177
      0.65534560    0.93069742    9.41730121
      0.65537518    0.93062583    9.41727739
      0.65538999    0.93062322    9.41726296
      0.65537704    0.93061852    9.41726015
      0.65538693    0.93062116    9.41726608
      0.65540274    0.93063112    9.41724445
      0.65539115    0.93060225    9.41724982
      0.65538083    0.93061504    9.41725877
      0.65539800    0.93060082    9.41724531
      0.65536749    0.93064338    9.41723762
      0.77923605    0.69064373    9.50915652
      0.77330511    0.68592744    9.51608537
      0.77781089    0.69423084    9.50828074
      0.77330519    0.68592787    9.51608525
      0.77558886    0.67018000    9.52107193
      0.92216531    0.42279560    9.63514404
      0.96405529    0.18649671    9.78625350
      0.77342966    0.68438976    9.51485949
      0.77781088    0.69423025    9.50828086
      0.77342948    0.68438862    9.51485977
      0.77806767    0.69324394    9.50659344
      0.83493259    0.62250965    9.57493538
      0.82054707    0.63085090    9.58285469
      0.82904283    0.55366590    9.62014745
      0.82054733    0.63085129    9.58285515
      0.81268799    0.66720906    9.57771423
      0.96405126    0.18650129    9.78625583
      0.92214456    0.42277824    9.63515804
      0.82873097    0.55704560    9.61831473
      0.82904302    0.55366605    9.62014730
      0.82873108    0.55704579    9.61831479
      0.82840115    0.55935070    9.62250998
      0.82841379    0.55937253    9.62251242
      0.82873533    0.55705730    9.61832065
      0.82905215    0.55368148    9.62015266
      0.82873550    0.55705751    9.61832075
      0.81268165    0.66721751    9.57772772
      0.82054650    0.63086169    9.58286959
      0.82905215    0.55368156    9.62015252
      0.82054673    0.63086192    9.58286991
      0.83494043    0.62252013    9.57495129
      0.77804966    0.69316494    9.50659355
      0.77341366    0.68429968    9.51487076
      0.77779168    0.69413279    9.50828926
      0.77341358    0.68429875    9.51487107
      0.77557127    0.67009163    9.52109046
      0.77328428    0.68582109    9.51610515
      0.77779166    0.69413229    9.50828956
      0.77328437    0.68582128    9.51610519
      0.77921677    0.69052906    9.50917074
      0.65529781    0.93078633    9.41735816
      0.65530494    0.93072017    9.41736399
      0.65531584    0.93073947    9.41734705
      0.65531179    0.93071876    9.41735949
      0.65529999    0.93072402    9.41735230
      0.65531226    0.93071920    9.41734351
      0.65531962    0.93073599    9.41734567
      0.65530919    0.93071714    9.41734663
      0.65532246    0.93072482    9.41733066
      0.65531636    0.93069334    9.41731851
      0.65532886    0.93069952    9.41730864
      0.65532594    0.93068030    9.41730512
      0.65532580    0.93069747    9.41731177
      0.65535039    0.93069272    9.41729730
      0.65532895    0.93068631    9.41729611
      0.65532973    0.93067683    9.41730375
      0.65533580    0.93068489    9.41729160
      0.65533351    0.93066303    9.41729132
      0.65537351    0.93072944    9.41731509
      0.65537364    0.93069952    9.41731361
      0.65538945    0.93070349    9.41730063
      0.65538049    0.93069810    9.41730911
      0.65536385    0.93072007    9.41730236
      0.65538205    0.93070391    9.41729117
      0.65539323    0.93070002    9.41729926
      0.65537898    0.93070186    9.41729429
      0.65539469    0.93069619    9.41728184
      0.65537703    0.93062786    9.41728433
      0.65539441    0.93062975    9.41727074
      0.65537880    0.93061275    9.41727269
      0.65539135    0.93062769    9.41727386
      0.65540730    0.93062927    9.41726066
      0.65539056    0.93061365    9.41725960
      0.65538260    0.93060927    9.41727132
      0.65539741    0.93061221    9.41725508
      0.65538794    0.93060958    9.41725115
